
10  0.0718349  0.0338558  0
100  0.116262  0.0277044  0.001
1000  0.174026  0.0197489  0.001
10000  0.198056  0.00929298  0.005
100000  0.187495  0.00293916  0.069
1000000  0.191623  0.000976519  0.496
10000000  0.191475  0.000322662  4.954
1000000  0.19192  0.000977458  0.445
10000000  0.191764  0.000326462  4.734
100000000  0.191447  0.000101825  47.817
10  0.0389366  0.0249804  0
100  0.119638  0.0394641  0
1000  0.230661  0.0311726  0.002
10000  0.183537  0.00996745  0.019
100000  0.199081  0.00329984  0.185
1000000  0.19337  0.00101973  1.857
10000000  0.193094  0.000329392  18.538
100000000  0.192714  0.000102873  196.014