
10  0.00841172  0.00717106  0.001
100  0.0149898  0.00527142  0.001
1000  0.062476  0.0166211  0.001
10000  0.214563  0.0912232  0.003
100000  0.186709  0.022892  0.023
1000000  0.205017  0.00974692  0.214
10000000  0.189805  0.00300523  2.078
100000000  0.188875  0.000864578  20.847
100000000  0.192114  0.000947195  20.468
10  0.000402914  0.000237928  0.001
100  0.0826677  0.0653603  0
1000  0.15702  0.0754591  0.001
10000  0.118628  0.0203918  0.007
100000  0.180583  0.020646  0.063
1000000  0.187095  0.00705206  0.671
10000000  0.189425  0.00238007  6.264
100000000  0.191842  0.000950305  63.026